0.00195659
32.8844
188.901
114.663
133.192
54.7398
11.7612
169.716
169.824
233.673
95.8755
129.854
207.741
8.64303
13.3654
132.425
167.787
1.92455
95.8539
16.7106
104.371
171.693
147.244
232.609
211.542
131.732
22.9912
163.48
104
175.298
227.58
190.55
65.6132
11.8661
184.02
82.0586
158.16
189.103
247.759
91.3347
61.7597
245.638
180.665
188.339
162.88
18.1715
157.909
221.177
68.1775
109.103
191.624
119.433
59.4436
68.7267
89.8162
41.6268
121.629
224.414
227.302
15.1411
226.163
126.131
129.073
79.7582
246.661
123.494
66.5361
22.6832
236.941
18.4373
125.177
96.0355
69.2705
228.454
132.437
116.111
235.245
12.521
190.379
192.551
206.954
31.3413
3.96693
172.114
217.062
157.386
184.056
181.353
249.864
222.143
58.2987
76.5805
87.7538
128.318
147.778
211.495
103.02
210.378
67.3293
103.849
